00132
00654
00640
00898
00126
01210
00668
01204
00697
00683
00873
00867
00456
00330
00324
00442
01012
01006
00495
00481
00244
00250
00536
01166
00278
01172
01199
00293
00046
01358
00720
00734
00052
01364
01402
00708
01370
00085
00091
00907
00913
00912
00906
00090
00084
00709
01417
01371
01365
01403
00735
00053
01359
00047
00721
00292
00286
01173
00279
01167
00251
00523
00245
00480
00494
01007
00319
01013
00325
00443
00331
00866
00682
00696
01205
01211
00669
00899
00641
00127
01239
00133
00655
00643
01207
00119
01213
00858
00680
00694
00864
00870
00441
00327
01039
00333
00455
01005
01011
00469
00482
00496
00535
00253
01159
00247
00521
00509
01171
00290
00284
00051
01429
00737
00723
01373
01415
01401
00079
01367
00092
00938
01398
00086
00910
00904
00905
00911
00939
01399
00093
01400
01366
00078
01414
00722
00044
00736
01428
00285
01164
00508
01170
01158
00520
00534
00252
00497
00483
00468
01004
00332
00454
00440
01038
00326
00871
00865
00695
00681
00859
01212
00118
01206
00656
00130
00124
00642
01202
01216
00108
00646
00134
00652
00861
00875
00849
00691
01000
00478
01014
00444
00450
00336
01028
00487
00493
01174
00518
01160
01148
00256
00530
00524
00242
00295
00281
01410
00068
01376
01362
01404
00732
00054
00040
01438
00726
00915
00901
01389
00083
00082
00928
00096
00900
00914
00727
01439
00733
00055
01363
01405
01411
01377
00069
00280
00294
00243
00257
01149
00531
00519
01161
01175
00492
00486
00451
01029
00337
00323
00445
01015
00479
00690
00848
00684
00860
00135
00653
00647
00121
00109
01217
01203
01215
01201
00679
00651
00889
00137
00645
00876
00862
00692
00686
00309
01017
01003
00447
00321
00490
00484
01163
01177
00269
00241
00527
00533
00255
00282
00296
01188
01407
00719
01375
01413
00725
00043
00057
01349
00731
00902
00916
00080
00094
00095
00081
00917
00903
01348
00056
00730
00724
00042
01374
01412
00718
01406
01360
01189
00297
00283
00532
00254
00240
00526
00268
01176
01162
00485
00491
00446
00320
00452
01016
00308
00693
00863
00877
00122
00644
00888
00650
01228
01200
00678
00151
00145
00623
01273
01267
00179
00192
00186
01298
00810
00804
00353
00435
00421
00347
01059
01071
00409
01065
00390
00384
01139
00227
00541
00555
01105
00569
01111
00582
00596
00743
00025
00031
00757
00019
01307
01313
00780
00958
00794
00964
00970
00971
00965
00795
00959
00781
01312
01306
00018
00030
00756
01448
00742
00024
00597
00583
00568
01104
00554
00232
00226
01138
00540
00385
00391
01064
01070
00408
00420
01058
00346
00352
00434
00805
00811
01299
00187
00178
01266
01272
00144
00622
00636
00150
00620
01258
00146
00152
01264
01270
00608
00185
00191
00807
00813
00422
00436
00350
00378
01066
01072
01099
00387
00393
00230
00556
00542
00224
01112
00218
00581
00032
00026
01338
00998
00740
00768
01310
01304
00783
00973
00967
00966
00972
00782
00796
01305
00769
01311
01339
00027
00741
00999
00033
00580
00594
00219
01113
00543
00225
00231
00557
00392
00386
01098
01073
01067
00379
00437
00351
00345
00423
00812
00806
00190
00184
01271
00609
00153
00635
00621
00147
01259
01261
00619
01275
00625
00631
01249
00157
00802
00816
00180
00194
01063
00369
01077
00427
00341
00355
00382
01088
00396
01117
00209
01103
00553
00235
00221
00547
00584
01315
00779
01301
00037
01329
00989
00751
00745
00023
00976
00962
00792
00786
00793
00963
00977
00744
00022
01328
00036
00750
00988
00778
01300
01314
00585
00591
00220
00546
00552
00234
01102
00208
00397
01089
00383
00354
00432
00426
00340
01076
00368
01062
00195
00181
00630
00156
01248
00142
00624
01274
01260
00618
01276
00168
01262
00154
00632
00626
00140
00801
00197
01289
00829
00183
01074
01060
00418
00430
00356
01048
00342
00424
00381
00578
01100
01114
00544
00222
01128
00550
00587
00593
01302
01316
00020
00752
00034
00961
00785
00791
00948
00784
00974
00960
00753
00035
00021
00747
01317
00009
01303
00592
00237
00551
00223
00579
01101
00380
00394
00343
00425
00431
01049
01061
00419
01075
01288
00196
00828
00800
00814
00141
00155
00633
01263
00169
00170
00164
00602
01252
00158
00819
00831
01291
01285
00825
00372
00414
00400
00366
01078
01050
00428
01093
01087
00399
01118
00206
00574
00212
01124
00548
01130
00762
00010
00776
01440
00986
00038
01326
01332
00992
00979
00945
00789
00951
00950
00978
01333
00993
00987
01441
01327
00039
00011
00777
00763
00005
00549
01131
01125
00575
00213
00207
01119
00561
00398
01086
01092
01045
01051
00429
00401
01079
00367
00373
00415
01284
00824
00830
01290
00818
00159
01247
01253
00165
00603
00617
00171
00601
01279
00167
00173
00615
01245
01251
00629
00826
00198
01286
01292
00832
00365
00403
00417
00371
00359
01047
01053
00211
00577
00205
01133
01127
00239
00588
00775
00013
00007
01319
00761
00991
00749
01331
01325
01443
00985
00952
00946
00947
00953
01324
00984
01442
00748
00990
01330
01318
00760
00774
00012
00589
00238
01126
01132
00562
00204
00210
01091
01085
01052
01046
00370
00364
00402
01293
00833
00827
01287
00199
01250
00628
01244
00172
00614
00600
01278
01240
00638
01254
00162
00604
00610
01268
01283
00823
00837
01297
01042
00348
01056
00360
00374
00412
01081
01095
01136
00228
01122
00572
00214
00200
00599
01334
00994
00980
01446
00758
01320
01308
00770
00764
00002
00957
00943
00942
00956
00765
00003
01309
00771
00759
01447
00981
01321
01335
00995
00598
00567
00573
00215
00229
01137
01094
01080
00375
00413
00361
01057
00349
01043
00836
01296
00188
01282
00822
00611
00177
01269
00163
01255
01241
00639
01257
00149
01243
00175
00613
00607
00161
01294
00834
00820
01280
00808
01055
01041
00439
00411
00377
01069
00363
00405
01096
00388
01082
00559
01121
01135
00565
00203
00217
00571
00983
01445
00997
00029
01337
00001
00767
00773
00015
00798
00940
00954
00968
00969
00955
00941
00799
00772
00000
00766
00996
01336
00028
01322
01444
00982
00216
01108
00570
00564
00202
01134
00558
01120
01083
00389
01097
00362
00404
00410
01068
00376
01040
00438
01054
00809
00821
01281
01295
00835
00606
00174
01242
00148
01256
00113
00661
00107
01231
00649
00891
00885
01225
00852
00846
00477
00311
00305
01033
00339
01027
00488
00503
00265
00271
00517
01147
01153
01184
01190
00067
01379
00701
00715
00073
01345
01423
01437
00729
01351
01386
00098
00926
01392
00933
00099
01387
00927
00728
01436
01350
01344
01422
00714
00072
01378
00066
00700
01185
01152
00258
01146
00270
00516
00264
00489
01026
00338
01032
00304
00462
00476
00847
00853
00884
01224
01230
00890
00648
00660
00106
01218
00112
00674
00662
00676
00110
01226
00138
00886
01232
00879
00845
00851
00460
00306
01018
00312
00474
01024
01030
00448
00514
00272
01178
00266
00500
00528
01150
01193
00299
01187
00070
01408
00716
00702
00064
01352
01434
01420
00058
01346
00919
01391
00931
00925
01385
01384
01390
00930
00918
01421
01347
00059
01353
00703
00065
00071
00717
01409
01186
00298
01192
01145
00529
01151
00267
01179
00501
00515
00273
01031
00449
01025
00313
00475
00461
01019
00307
00688
00850
00844
00878
00893
01233
00139
01227
00887
00111
00105
00663
00883
01223
01237
00129
00897
00667
00101
00115
00840
00698
00854
00868
01021
00459
01035
00303
00465
00471
00317
01009
01155
00539
01141
01169
00277
00511
00505
00263
00288
01196
01182
00049
01357
01343
01425
00713
00075
00061
01419
00707
00934
01394
01380
00920
00908
00909
01381
00921
00935
01395
00706
01418
00712
00074
01342
01424
01430
01356
00048
01183
01197
00289
00504
00262
00276
01168
00510
00470
01008
00316
00302
00464
01034
01020
00458
00869
00841
00114
00672
00666
00100
00128
01236
00896
00882
01222
00894
01234
01220
00658
00880
00670
00116
00102
00664
00857
00843
00328
01036
01022
00314
00472
00300
01142
01156
00248
00506
00512
00274
01181
01195
01426
01340
01354
01432
00062
01368
00710
00923
01397
00089
00937
00088
00936
00922
01382
01369
00077
00711
00705
00063
01355
01433
00739
01427
01341
01194
01180
00513
00275
00507
00249
01157
00467
00301
00315
00473
01023
01037
00329
00842
00856
00103
00665
00671
00117
01209
01221
00881
00659
00895
01235
